Fitting Weibull AFT survival regression model...


model	lifelines.WeibullAFTFitter
duration col	'duration'
event col	'SepsisLabel'
number of observations	1.55221e+06
number of events observed	27916
log-likelihood	-225366.90
time fit was run	2025-05-20 07:26:41 UTC
coef	exp(coef)	se(coef)	coef lower 95%	coef upper 95%	exp(coef) lower 95%	exp(coef) upper 95%	cmp to	z	p	-log2(p)
lambda_	AST	-0.00	1.00	0.00	-0.00	-0.00	1.00	1.00	0.00	-2.60	0.01	6.76
Age	-0.00	1.00	0.00	-0.01	0.00	0.99	1.00	0.00	-1.16	0.25	2.03
Alkalinephos	-0.00	1.00	0.00	-0.00	0.00	1.00	1.00	0.00	-0.76	0.45	1.16
BUN	-0.01	0.99	0.00	-0.01	-0.01	0.99	0.99	0.00	-7.07	<0.005	39.20
BaseExcess	0.00	1.00	0.00	0.00	0.01	1.00	1.01	0.00	2.38	0.02	5.84
Bilirubin_direct	-0.00	1.00	0.00	-0.00	-0.00	1.00	1.00	0.00	-2.80	0.01	7.62
Bilirubin_total	-0.00	1.00	0.00	-0.00	0.00	1.00	1.00	0.00	-0.96	0.34	1.57
Calcium	0.02	1.02	0.00	0.02	0.03	1.02	1.03	0.00	19.45	<0.005	277.49
Chloride	-0.00	1.00	0.00	-0.01	0.00	0.99	1.00	0.00	-1.68	0.09	3.44
Creatinine	-0.01	0.99	0.00	-0.01	-0.00	0.99	1.00	0.00	-4.49	<0.005	17.13
DBP	0.02	1.02	0.00	0.01	0.02	1.01	1.02	0.00	6.61	<0.005	34.57
EtCO2	0.01	1.01	0.00	0.01	0.01	1.01	1.01	0.00	6.97	<0.005	38.18
FiO2	-0.00	1.00	0.00	-0.00	0.00	1.00	1.00	0.00	-0.42	0.67	0.57
Fibrinogen	-0.01	0.99	0.00	-0.01	-0.00	0.99	1.00	0.00	-5.53	<0.005	24.93
Gender	-0.01	0.99	0.00	-0.02	-0.01	0.98	0.99	0.00	-8.05	<0.005	50.08
Glucose	-0.01	0.99	0.00	-0.01	-0.00	0.99	1.00	0.00	-3.53	<0.005	11.21
HCO3	0.00	1.00	0.00	-0.00	0.00	1.00	1.00	0.00	1.20	0.23	2.13
HR	-0.07	0.94	0.00	-0.07	-0.06	0.93	0.94	0.00	-39.63	<0.005	inf
Hct	-0.01	0.99	0.00	-0.02	-0.00	0.98	1.00	0.00	-2.29	0.02	5.50
Hgb	0.01	1.01	0.00	0.00	0.01	1.00	1.02	0.00	2.16	0.03	5.03
HospAdmTime	0.01	1.01	0.00	0.01	0.01	1.01	1.01	0.00	8.23	<0.005	52.21
Hour	-0.03	0.97	32767.99	-64224.11	64224.05	0.00	inf	0.00	-0.00	1.00	0.00
ICULOS	-0.04	0.96	0.01	-0.06	-0.02	0.94	0.98	0.00	-3.73	<0.005	12.36
Lactate	-0.01	0.99	0.00	-0.01	-0.01	0.99	0.99	0.00	-7.64	<0.005	45.43
MAP	0.03	1.03	0.00	0.02	0.03	1.02	1.03	0.00	7.07	<0.005	39.23
Magnesium	0.00	1.00	0.00	-0.00	0.01	1.00	1.01	0.00	1.28	0.20	2.32
O2Sat	-0.00	1.00	0.00	-0.00	0.00	1.00	1.00	0.00	-0.30	0.76	0.39
PTT	-0.01	0.99	0.00	-0.01	-0.00	0.99	1.00	0.00	-4.39	<0.005	16.45
PaCO2	-0.01	0.99	0.00	-0.02	-0.01	0.98	0.99	0.00	-8.90	<0.005	60.68
Patient_ID	0.05	1.06	0.00	0.05	0.06	1.05	1.06	0.00	30.17	<0.005	661.90
Phosphate	0.00	1.00	0.00	-0.00	0.00	1.00	1.00	0.00	1.24	0.21	2.23
Platelets	0.00	1.00	0.00	0.00	0.01	1.00	1.01	0.00	2.22	0.03	5.25
Potassium	0.00	1.00	0.00	-0.00	0.00	1.00	1.00	0.00	1.01	0.31	1.68
Resp	-0.03	0.97	0.00	-0.04	-0.03	0.96	0.97	0.00	-23.10	<0.005	389.78
SBP	0.00	1.00	0.00	-0.00	0.01	1.00	1.01	0.00	0.28	0.78	0.36
SaO2	0.00	1.00	0.00	0.00	0.01	1.00	1.01	0.00	3.26	<0.005	9.82
Temp	-0.03	0.97	0.00	-0.04	-0.03	0.96	0.97	0.00	-21.58	<0.005	340.64
TroponinI	-0.00	1.00	0.00	-0.01	-0.00	0.99	1.00	0.00	-3.39	<0.005	10.48
Unit1	-0.01	0.99	58051.51	-113778.88	113778.85	0.00	inf	0.00	-0.00	1.00	0.00
Unit2	0.01	1.01	58051.51	-113778.85	113778.88	0.00	inf	0.00	0.00	1.00	0.00
Unnamed: 0	-0.03	0.97	32767.99	-64224.11	64224.05	0.00	inf	0.00	-0.00	1.00	0.00
WBC	-0.01	0.99	0.00	-0.01	-0.00	0.99	1.00	0.00	-8.90	<0.005	60.69
pH	-0.01	0.99	0.00	-0.01	-0.00	0.99	1.00	0.00	-3.03	<0.005	8.69
Intercept	5.45	232.29	0.01	5.44	5.46	229.82	234.79	0.00	997.99	<0.005	inf
rho_	Intercept	1.29	3.63	0.00	1.28	1.30	3.59	3.66	0.00	267.47	<0.005	inf

Concordance	0.72
AIC	450823.79
log-likelihood ratio test	19757.74 on 43 df
-log2(p) of ll-ratio test	inf

