Preparing data for survival analysis...
Sample survival data:
   Unnamed: 0      Hour        HR     O2Sat      Temp       SBP       MAP  \
0   -0.882635 -0.882635 -0.059244  0.254653  0.017198 -0.109313 -0.137238   
1   -0.848012 -0.848012 -1.183861  0.981435  0.017198 -0.109313 -0.659735   
2   -0.813389 -0.813389 -0.393590  0.981435  0.017198 -0.109313 -2.586445   
3   -0.778766 -0.778766 -0.697540  0.981435  0.017198 -0.109313 -0.137238   
4   -0.744143 -0.744143 -0.879911  0.981435  0.017198  0.262891 -0.529111   

        DBP      Resp     EtCO2  ...  Platelets       Age   Gender     Unit1  \
0 -0.108390 -0.130901  0.001026  ...  -0.034967  0.398538 -1.12648 -0.655897   
1 -0.108390 -0.450200  0.001026  ...  -0.034967  0.398538 -1.12648 -0.655897   
2 -0.108390 -0.130901  0.001026  ...  -0.034967  0.398538 -1.12648 -0.655897   
3 -0.108390 -0.343767  0.001026  ...  -0.034967  0.398538 -1.12648 -0.655897   
4  0.495331 -0.982365  0.001026  ...   5.806531  0.398538 -1.12648 -0.655897   

      Unit2  HospAdmTime    ICULOS  Patient_ID  duration  event  
0  0.655897     0.345779 -0.896212   -0.838428        52      0  
1  0.655897     0.345779 -0.861736   -0.838428        93      0  
2  0.655897     0.345779 -0.827259   -0.838428        15      0  
3  0.655897     0.345779 -0.792783   -0.838428        72      0  
4  0.655897     0.345779 -0.758307   -0.838428        61      0  

[5 rows x 45 columns]
