Standardizing features...
Feature matrix after standardization (first 5 rows):
   Unnamed: 0      Hour        HR     O2Sat      Temp       SBP       MAP  \
0   -0.882635 -0.882635 -0.059244  0.254653  0.017198 -0.109313 -0.137238   
1   -0.848012 -0.848012 -1.183861  0.981435  0.017198 -0.109313 -0.659735   
2   -0.813389 -0.813389 -0.393590  0.981435  0.017198 -0.109313 -2.586445   
3   -0.778766 -0.778766 -0.697540  0.981435  0.017198 -0.109313 -0.137238   
4   -0.744143 -0.744143 -0.879911  0.981435  0.017198  0.262891 -0.529111   

        DBP      Resp     EtCO2  ...       WBC  Fibrinogen  Platelets  \
0 -0.108390 -0.130901  0.001026  ... -0.037154   -0.019286  -0.034967   
1 -0.108390 -0.450200  0.001026  ... -0.037154   -0.019286  -0.034967   
2 -0.108390 -0.130901  0.001026  ... -0.037154   -0.019286  -0.034967   
3 -0.108390 -0.343767  0.001026  ... -0.037154   -0.019286  -0.034967   
4  0.495331 -0.982365  0.001026  ...  0.468696   -0.019286   5.806531   

        Age   Gender     Unit1     Unit2  HospAdmTime    ICULOS  Patient_ID  
0  0.398538 -1.12648 -0.655897  0.655897     0.345779 -0.896212   -0.838428  
1  0.398538 -1.12648 -0.655897  0.655897     0.345779 -0.861736   -0.838428  
2  0.398538 -1.12648 -0.655897  0.655897     0.345779 -0.827259   -0.838428  
3  0.398538 -1.12648 -0.655897  0.655897     0.345779 -0.792783   -0.838428  
4  0.398538 -1.12648 -0.655897  0.655897     0.345779 -0.758307   -0.838428  

[5 rows x 43 columns]
